$ANSIBLE_VAULT;1.1;AES256
64343833656630663333336363646639363538336164313237366337353664353439353365646661
3166306439646238316137323131326161393563623638640a333234633531653763316531346236
65306437343434353436653530663633323962396564616631366233653139326237663038636238
3961363737306138390a306363643133633336666132633333353136333538323466306639623731
65353333316361323262316437386165616236393832333862383834363833383864316362326632
62363865313065636433356265333538383664653033383865653664613134393733666162653439
39393437363561363534353039616534643739393633666135656663393961336364333632386364
37336430313731333861623832313035343764653436616262633035323761386661383363356263
32353436343563653964626333616666666638613866656237306238346332393637393434373361
30373261343933393331333034663831633065396662393135333232386636353866316533623439
373262613434353433656633666232393733
