$ANSIBLE_VAULT;1.1;AES256
66383135333031393831306563616630636636376561643862373564386535376265656134343033
6637366232343061313935643034656436343163316438330a313966303962643031616238336635
65316238373631396537656230383362333161336463363965636234306435393230653533343634
3665376336313664360a376264363439336235356230656430643830333065306634303730396134
63663232363639653564353064323036396438653832386266376437313366353465613730643532
32313232323134383065653335323035626538373261366263646235613836323833396462626635
61396565303563333138313564633363623465333934646436353334393862316265356366366563
61386363633333393034316339636263353164383038393664306439373835333430646661656432
31356236336536376536386231326635616534613230313237346530666137633561313566616430
64306665393265353765383039353537626530336265393234346335373265666231323034316233
66663163626433373566623031666335636666373265313263643730336333326536643839353064
31653966626630333164656435373034343836313064663338316635316362316136616531326566
33373161383230323335333664373466333231376264616437646232613738343039353530316538
35623233653934323935333335333737383161336363396332343733383339326234666365353630
66633961356662396165363138626661323735623239323163323462633334633965386330396134
31356439316135356238303662363564616364333066623633623239333563313334633938383332
61383132396535313862323865623361323533363862353130356666343563306438343536666437
64346233666165316461313530643061393839643637396331646262376336336531633332353633
626163663665636466653835646566633262
