$ANSIBLE_VAULT;1.1;AES256
63623234343962303665623232363162396564623561366566663362633333623338663364653138
3865653062663566383263386265336566353161333635660a323864343839363366383761383363
30383061363537623534373832613365613435363762306562303432303832346666376566343931
3761636463383065350a646535336335336335646138343364383936373061643336653032333431
63656531383732653165663763376631393063646434623438343632336138356638626632653031
65336233343534343730656532306661313363333665363335343934633530373933653765643533
64626338343336306663313439653530623932346637626239653062356232393336656162653931
38626364643633316330663339306466303731613537366133646634373336653566346136383234
30643736353439316434326162333536333739636237386431623864666435366532653032353732
64303863323135393836363739653232353539343632373038663166353538353666316561333465
33633434373966303161646366343361356235356465393463313433653937643639373235343730
33663464393836653031376462353662366132323333346265663331656430373162376237383661
39666535626536353762353136343435623338383062393962393133366236323863656634663566
64666337336466336637373962643038616531316538653233653665333134653433313236663831
65353962653934336639663066643565653738383433363131663861626431353666303833626165
34386430623033346466666536646235653139626162616265373366633039303337386433343831
36366131323035376532656238303339616432316334306464663136623466623437303930323664
63366230353530626433663130663066663333666233396535373236613737383265376639626433
34393162323862643936613938303861333062636162323636653730323033653230396263363439
39396164326437393237633162643561396532613461366562353436633432613133343763316663
33663231333439343930643761373031666262663863366337353938636631366632653330306437
66633161646132356630396337666361346532623632303465383735663238646363656234353133
34333234656537326634376337626666633437326566363763653037353561386564626362313131
34626239656164353839373433646631393236653261613739376639306434643638326462376338
33656564333932646261316535653563313730613864303238313334303537373039663130313735
34303164663339653065313561636562343639613963633536616236636636316330316566363235
62383863613335316431393666623138316664346361626565356561366131643336376538343634
65353335333830336536663736313432653462643665353233623038306138626534613835376133
32323134316337323265346565366264643634393131373235376365306532393739306336353630
37303961383136643061323366373862323162363030633430356563373535633865323162303665
31363266323830316664353638346131646162336136613563653139653532383366663737366664
66396632326263373661663338333030373531303236386637643334303134326630653164373032
32636430323734336463616538353836303532613431656566643964346464616134343366303831
64616534396532326537636139626538643134653033663762633438656630643466326530346239
61643664333535333662633163663261323463323535336439386565353762303030396136383365
65623430383763363366656633303639383137356364633737353837353430663134386336613264
36313135343432323730653937333134363165646436346462356136616533353863376330353462
33623336316439343134383161303433386630323635366132383331633161313261333464393430
31646239653139393662653631643961653732316535376435663964616330616139666537363233
30383837323262343437363261346337303138633662633766626666366561363361653630633737
61616431663236653931616231396564663133616262366563633331653335623238386563666366
65613835633934363933303463643537373232373736666532623863623631613264386234646138
61313363336432366664636664333938643632363363326133633863623433646132373032343566
65663030316635373264636130386138373535396530333835363135393230383639393865343839
63663232313066613134383236623533396536323761353134613839663332633865376138643464
62353462323939636166653739636538613636333066626132663837343231623037633038386264
39316630623439643735366464323235386561643935333066653562646362306365623039383530
30396665343730633738376434646264386531306464623638633661616461386434633264363965
63613330366531363234643661323235663832653934643162656565383139663462373330313437
61626330393165643964326263626563326434333333363663323737303734396437643366316535
63386238643238306139356138333332353039323031616534303764616138313062353130666463
37663239633833383539663330646635393536383063366338303362306333646331656537393238
62376235383961656630656361343639633632366662343362336131626234626566396561396431
64663738323233396565663866333431306361356433313938613137336634333961666566656638
61633333363539366135663334383534303365633962626537376634636564363730636464366333
33386462646139303163653363666133666365353865373434353833636466306336386663306631
63353763313366333432383737666235656132623561396437653230623130363730383939636364
35353039663133393062666461623465313663626264613535646564303431373663666539343730
39313266376130643963363434363436383462646136633530633030386137386664613036376131
34373663633730663264303739643562333331666265356439636533666637623937343261646639
31346638656366323138343066636130373462356332343737383036643162666630366266613262
36333563363466383730343339326630663630306266663862373430336331666536653461656564
30653365393166306630323630386337653231323835393334663439643364383463353839333439
37363137303936663563353136306638323965333535666337353265313136653563626232663230
65356533313033663236636233383465336266346137626330643937353939633563646339333062
38323036306364636664643535613363383431666533636265356435336666633266376136303462
37666236613563626461643631333466636162663536373464636132623438666534613564653066
65636439303438663435393833633833393933396231333536386538366635303863663536376136
35646332633061646233383431343032646664303063323737363063366233326231353266333964
66306334306135346132303336303030343361323337396536363832313337333666623264343462
33363230663132366531343136323562313761636432383030363163316265373736613931393665
32626237363166376666613163336564363634356239336166376331323963646261353536386230
63313264663730653138613638326561626338353266313835636466323065383866623064643238
64333739633739316537383531343538303664323937666133373861346230373633303633653835
36643663333735333966316330383463646232366364396461626462333361333161633931323137
66323763613239316433383863656136633330303632633336393966306463636332396132343432
64306536343262336435623965373932623363396536376263613864323463393137393733323730
32346262336538326366303039646564333532373366373363613433633836373965623265353262
31633934393761313533396364383862616636616339386230653966393231623332346564313734
66386432376132316139313039656464346138326366366635653963356137343836323932326461
38653263353362353762613762393563366363326363333138633331646461663566613832333139
66633936363339666338613163633438336430383065383863333138306363323935356332353165
31353736323261366564663534363334316537623832363866343537636132366539393163316461
35303639336437383561663535633938343835306365313830643039336637313030303036303134
65323237376566366630303766663863383766323064656234376130326530653564343963613864
63346530366338386663393437386634623436326366643831333736393535323133633564643835
37396165313639306134616165306636346535353431383564366462343161333861643462336362
39636639313566343537
