$ANSIBLE_VAULT;1.1;AES256
39333461643263393034656465326233316632313839613630346565366363633336313331613338
3432316338663264623365623035333061376134663531640a643837633465306161653938386663
30313535643762333533643030303735383833366665646536666534616638636533313438333531
6138363236623866310a653332353536333065623036616366353133323232623165303863633835
37303132363061663234313135653732353462313563303530653435663638643465336139363062
31333134393030623934393261613937666362356330306434653638373566613366323138363663
38646136663133376133633036323635626262316432383233343333386132623664303162386366
37323239656563313833353530633338323530316130356135363030646131313835653363333635
30343631613366363066323463393439663931633966313938306337353231323162303763636164
36383134313266633639396532373635346139323762376463316439643362623931343730396336
31633537373263653363663331363236613030666238633366613330643737626639303830356237
66653433613864636661383431653562666462336564666638356262333766396139303535356138
31313965363065343934353537326535613765633962653732333366646566303338633563396639
65353566353363633431383238333033396462336362323866626162663831636533313463616165
37353966373061333538373836346231336666303766373436666438393034363336343038313233
65343064636132653833
