$ANSIBLE_VAULT;1.1;AES256
31653534393938613935353434383931643032333637333662636231656334336635643764316561
3466366232636461623533336663346161306630383538620a383036326137356331623330613432
38363866656137643133313766396363623461356435303834306130326334316537666466336538
3233623463366664320a306665306165323963663166626230356634393132643465663735616630
33303339393933373963386631633038396164303763343137313037393931666133306539623232
66316130646330646662653731356131616438333039656634666164393036376238633835363063
37353637393730303238336261663439646466656131663761383064616433646661323839316236
30393263636362363432666536346163323535346533353263646264633834666264333264633062
61333162313730346564626234386164386537646563643765663731373932323534666636303561
37303531656463336530376639356162353562613033396266383635343464303832373130306337
39646638613161346334376439383561303931316534323366353632663932366639343033373732
39323435306335346664666632323831376362656166333862376234663438633932323937393163
61333162353463356233343462303363323137383264396235383164616562356533633937613736
63623337313039366166396234373866303038306438363265343062386363633965383333306230
61336262356234623636396139346266633831366131393135343563323364336334613262396363
63346136333064646436366135343833633330316362343564303235326661383636613936623564
33643262393464303663663637353137613565656564333634626265306138363438316633363061
62643065613334343065366664346262663262653530666232653935626236326636646139323530
33393536333636343538616538323636643936663933343866326537323864666361613836653032
31613764636361346131623534313364303261643438626136306431343266316161363263663634
32396638306237643635323165373561346336636462316633626464623662366539323533366564
37666432393938343266303530396632326237363537343632386462386465393938383932393536
63656238636535636538653138373336336135613438656366393765383636336464313633623530
30306331666136383366393032663735356530613535386663656264613563366363646165313938
66386431333134646436356234663537646235396332626362356563313734633132623130353933
38323266336438336237376232353466353637346462323966656432326531616439653762333565
65633330376330346537306534393565663666303462353966633531353261306161366238333066
61636261623761353965356564353538333438323065393034626539366662633032663634303631
65663130306137386636326666343438306162383266333931323231653863316135623165343635
30346331326362623465613431613732313261373331393238653937626165656134663235396463
32613965316661316366393961373165306439383664336365643034306366303138383935313235
32626232393638333465353430313932373835373738306665356464616362626362383633323034
38346435636631306533346439393162363766643733326435626134326133316562366138323966
39613033623164313534653934326366383935623232663730336133396234623735343638636461
65346338393935316265636130626138363866383563313934626433353262343433613536326365
39313963313666636533636665393938323437333836333631346664343061343961393537356363
33633333396165663865366538653562353339333362316137653538316666363438
