$ANSIBLE_VAULT;1.1;AES256
36343839633739386234646431616530663031636562383931333065373631383631623731393763
3166376236343865343564363765373466303338376432640a353437323566356631663637316438
36656530323734386536313565666465363034336265653062313237383432323634646134396238
3235383032333731310a623032633537313030336463396465653262613437356564363034393035
62336136393930613963636635663831303438613861653866353834363866363437393562323735
65646333366163616461323431393363616439656134363236306537323136633338343131333338
38316139313938376336613531373239353139363566373862613662613236313761313332383163
36356436353062343064653365643438376137306633633461393162393563306634663434303863
62343834343262373838313764386234393739353265666363386532623234343834666330363364
64633235613930303132386538333834393163303466616161633632626633366261643030623035
36323033353836643537303635656265383161663831363862346134353236386265613239643831
36383962393039613539383831353463363962346138303834636630373366363834363938663738
63643732313736653163363962343431373336316634366531393839343365373730623265623834
62666230363732626136306437393964616236646161343161626532643762623238383932313938
64313862306366633066376334623162656430393863353737663830626137393038326131363866
39383461383439653236363530313931623861353031396161643235356265636663386232366461
63626233613636613361653438333633333263386534386537383237616564666665613536363731
36643865623837383566303864333966393334396535326663613434353539306232343734356336
30616161636462656632333437323661353139333132333462656266663566373766376135643832
32626538633665356636656263386631653932383832353663333035383237373135386131626566
38383165306537303730663434313036356365316230366266643862323566376463633137336336
39613364643738616136613364633639313964383532346634656332373138663236376636636263
36353766356638336366633532653838323731623832323064656339653966656662363638663638
66623762623938613466326235633361643534656237336139373762376661326232336431333564
6439
